0.667	0.0581708	0.0567748	0.0595668	0.00139601
0.834	0.0232708	0.022556	0.0239855	0.000714779
0.5	0.0702101	0.0685735	0.0718467	0.00163661
0.5005	0.0675162	0.0659059	0.0691266	0.00161036
0.6675	0.0597097	0.0582918	0.0611276	0.00141786
0.8345	0.023411	0.0226955	0.0241265	0.00071547
0.668	0.0591684	0.0577601	0.0605766	0.00140821
0.835	0.0235772	0.0228531	0.0243013	0.000724089
0.501	0.0696748	0.0680465	0.0713031	0.0016283
0.6685	0.0586382	0.0572371	0.0600393	0.00140107
0.8355	0.0227503	0.0220455	0.023455	0.000704737
0.5015	0.0689305	0.0673116	0.0705494	0.00161887
0.669	0.0597445	0.05833	0.061159	0.0014145
0.836	0.0227532	0.0220469	0.0234595	0.000706308
0.502	0.0695102	0.0678877	0.0711327	0.00162253
0.8365	0.0229849	0.0222735	0.0236962	0.00071134
0.6695	0.0587131	0.0573123	0.0601138	0.00140074
0.5025	0.0696708	0.0680252	0.0713164	0.00164561
0.837	0.0226171	0.0219127	0.0233214	0.000704314
0.67	0.0592546	0.057843	0.0606662	0.00141164
0.503	0.0708844	0.0692511	0.0725178	0.00163334
0.6705	0.0582677	0.0568734	0.0596621	0.00139437
0.8375	0.0229304	0.0222218	0.0236389	0.000708525
0.5035	0.0682627	0.0666492	0.0698761	0.00161349
0.838	0.0225063	0.0218032	0.0232094	0.000703105
0.671	0.0589781	0.0575711	0.0603851	0.00140703
0.504	0.0692021	0.0675803	0.070824	0.00162182
0.8385	0.0224299	0.0217282	0.0231316	0.000701724
0.6715	0.0593224	0.0579142	0.0607307	0.00140825
0.5045	0.0691537	0.0675478	0.0707596	0.0016059
0.839	0.0219753	0.0212845	0.0226661	0.000690793
0.672	0.0595117	0.0580998	0.0609235	0.00141184
0.505	0.0668327	0.0652472	0.0684182	0.00158552
0.8395	0.0224967	0.0217979	0.0231955	0.000698816
0.6725	0.0583345	0.056921	0.059748	0.00141348
0.5055	0.0695201	0.0678863	0.0711538	0.00163376
0.84	0.0221674	0.0214756	0.0228592	0.000691776
0.673	0.058158	0.0567613	0.0595548	0.00139677
0.506	0.0674219	0.065828	0.0690158	0.0015939
0.8405	0.022103	0.0214145	0.0227916	0.000688514
0.5065	0.0683078	0.0666887	0.0699269	0.00161911
0.6735	0.057833	0.0564438	0.0592221	0.00138917
0.841	0.0213884	0.0207158	0.022061	0.000672583
0.507	0.0700877	0.0684617	0.0717137	0.00162603
0.674	0.0587871	0.0573883	0.0601859	0.00139882
0.8415	0.0219517	0.0212713	0.022632	0.000680362
0.5075	0.0674644	0.0658627	0.069066	0.00160164
0.6745	0.0591597	0.0577529	0.0605665	0.00140682
0.842	0.0212293	0.0205534	0.0219052	0.000675884
0.508	0.0701675	0.068528	0.071807	0.00163952
0.675	0.0589392	0.0575351	0.0603434	0.00140419
0.8425	0.0211663	0.0204956	0.021837	0.000670707
0.5085	0.0692854	0.0676658	0.0709051	0.00161964
0.6755	0.0580845	0.0566964	0.0594725	0.00138805
0.843	0.0217944	0.0211115	0.0224772	0.000682877
0.509	0.0700315	0.0684147	0.0716483	0.00161679
0.676	0.0595124	0.0581063	0.0609185	0.00140611
0.8435	0.0213293	0.020656	0.0220026	0.000673301
0.5095	0.069478	0.0678515	0.0711046	0.00162654
0.6765	0.058375	0.0569925	0.0597574	0.00138249
0.51	0.0686695	0.0670541	0.0702848	0.00161532
0.844	0.0207142	0.0200529	0.0213755	0.000661268
0.677	0.0578334	0.0564399	0.059227	0.00139358
0.5105	0.0663925	0.0648058	0.0679792	0.00158673
0.8445	0.0201858	0.0195331	0.0208385	0.000652654
0.6775	0.0582221	0.0568271	0.0596171	0.00139496
0.845	0.0202592	0.0196029	0.0209155	0.000656314
0.511	0.0690785	0.0674527	0.0707042	0.00162574
0.678	0.057392	0.0560048	0.0587792	0.00138722
0.8455	0.0204618	0.0198113	0.0211124	0.00065056
0.5115	0.0698859	0.0682528	0.071519	0.00163309
0.6785	0.0567181	0.0553508	0.0580854	0.00136732
0.846	0.0207175	0.0200634	0.0213716	0.000654074
0.512	0.0699861	0.0683496	0.0716225	0.00163646
0.679	0.0581778	0.0567833	0.0595723	0.00139454
0.8465	0.0205552	0.0199014	0.0212091	0.000653845
0.5125	0.0679509	0.066346	0.0695559	0.00160494
0.6795	0.0592349	0.0578372	0.0606326	0.00139768
0.847	0.0206513	0.0199991	0.0213035	0.000652202
0.513	0.0677731	0.0661744	0.0693719	0.0015988
0.68	0.0574211	0.0560485	0.0587937	0.00137262
0.8475	0.0202103	0.0195636	0.020857	0.000646732
0.5135	0.0691425	0.0675261	0.0707589	0.00161641
0.6805	0.0587782	0.0573879	0.0601685	0.0013903
0.848	0.0195145	0.0188774	0.0201517	0.000637162
0.514	0.069224	0.0675995	0.0708486	0.00162453
0.681	0.0574576	0.0560805	0.0588347	0.0013771
0.8485	0.0198115	0.0191745	0.0204484	0.000636914
0.5145	0.0680587	0.066453	0.0696645	0.00160575
0.6815	0.0570555	0.0556863	0.0584246	0.00136917
0.849	0.0196636	0.0190291	0.020298	0.00063447
0.515	0.0682335	0.0666186	0.0698485	0.00161496
0.682	0.0563943	0.055036	0.0577527	0.00135838
0.8495	0.0191794	0.0185512	0.0198076	0.000628209
0.5155	0.0684209	0.0668129	0.0700288	0.00160793
0.6825	0.0568482	0.0554767	0.0582197	0.0013715
0.85	0.0199015	0.0192609	0.0205421	0.000640567
0.516	0.0681652	0.0665588	0.0697717	0.00160645
0.683	0.0559542	0.0546079	0.0573006	0.00134637
0.8505	0.0202519	0.0196063	0.0208974	0.000645526
0.5165	0.0677623	0.0661714	0.0693532	0.00159094
0.6835	0.0589376	0.0575474	0.0603278	0.00139017
0.851	0.0188961	0.018273	0.0195193	0.000623158
0.517	0.071211	0.0695675	0.0728545	0.00164352
0.684	0.0573283	0.0559599	0.0586967	0.00136842
0.8515	0.0193923	0.0187655	0.0200191	0.000626798
0.5175	0.0701912	0.0685585	0.0718239	0.00163271
0.6845	0.0563879	0.0550132	0.0577627	0.00137476
0.852	0.0191138	0.01849	0.0197377	0.000623815
0.518	0.0695686	0.0679337	0.0712036	0.00163498
0.685	0.0565136	0.0551509	0.0578763	0.0013627
0.8525	0.0186179	0.0180023	0.0192336	0.000615633
0.5185	0.069016	0.0674082	0.0706237	0.00160772
0.6855	0.0575865	0.0562223	0.0589508	0.00136422
0.853	0.0191996	0.0185812	0.019818	0.000618431
0.519	0.069218	0.0675988	0.0708372	0.00161919
0.686	0.0547119	0.0533674	0.0560565	0.00134459
0.8535	0.0186352	0.0180214	0.019249	0.000613816
0.5195	0.0705226	0.0688711	0.0721741	0.00165152
0.6865	0.0570022	0.0556352	0.0583691	0.00136694
0.854	0.0186416	0.0180312	0.019252	0.000610359
0.52	0.0693625	0.0677273	0.0709976	0.00163516
0.687	0.0562781	0.0549181	0.057638	0.00135996
0.8545	0.0181041	0.0174986	0.0187096	0.000605479
0.5205	0.0697033	0.0680833	0.0713234	0.00162003
0.6875	0.0569662	0.0556142	0.0583181	0.00135194
0.855	0.0183355	0.017728	0.018943	0.000607521
0.521	0.0700361	0.0684124	0.0716598	0.00162372
0.688	0.0554122	0.0540721	0.0567523	0.0013401
0.8555	0.0179786	0.0173805	0.0185767	0.000598136
0.5215	0.0682781	0.0666733	0.0698829	0.00160484
0.6885	0.0573926	0.0560228	0.0587625	0.00136984
0.856	0.0178092	0.0172105	0.0184079	0.000598687
0.522	0.0681731	0.0665636	0.0697826	0.00160951
0.689	0.0559923	0.0546301	0.0573545	0.00136219
0.8565	0.0180697	0.0174723	0.0186672	0.000597445
0.5225	0.0690334	0.0674161	0.0706507	0.0016173
0.6895	0.0559089	0.0545444	0.0572733	0.00136446
0.857	0.0175995	0.0170067	0.0181923	0.000592812
0.523	0.0692117	0.0676072	0.0708162	0.00160452
0.69	0.0562712	0.0549173	0.0576252	0.00135394
0.8575	0.0165964	0.0160225	0.0171704	0.00057391
0.5235	0.0695902	0.0679675	0.0712128	0.00162263
0.6905	0.0570642	0.0557022	0.0584263	0.00136203
0.858	0.0176455	0.0170537	0.0182372	0.000591772
0.524	0.0687347	0.0671182	0.0703511	0.00161646
0.691	0.0561185	0.0547761	0.0574609	0.00134241
0.8585	0.0171271	0.0165442	0.01771	0.000582876
0.5245	0.0664116	0.0648347	0.0679885	0.00157691
0.6915	0.0565476	0.0551994	0.0578959	0.00134822
0.859	0.0174456	0.0168595	0.0180317	0.0005861
0.525	0.0684629	0.0668455	0.0700802	0.00161733
0.692	0.0554166	0.0540647	0.0567684	0.00135183
0.8595	0.0174921	0.0169062	0.018078	0.000585923
0.5255	0.0683834	0.0667735	0.0699933	0.0016099
0.6925	0.0569522	0.0555862	0.0583181	0.00136596
0.86	0.017048	0.0164721	0.0176239	0.000575898
0.526	0.0692552	0.0676368	0.0708736	0.00161838
0.693	0.0572107	0.055856	0.0585654	0.0013547
0.8605	0.0173116	0.0167308	0.0178924	0.000580844
0.5265	0.0689355	0.067322	0.0705489	0.00161348
0.6935	0.0544235	0.0531012	0.0557457	0.00132221
0.861	0.0167585	0.016189	0.0173281	0.000569537
0.527	0.0695571	0.0679364	0.0711777	0.00162067
0.694	0.0569008	0.0555549	0.0582467	0.00134592
0.8615	0.0164388	0.0158759	0.0170016	0.000562824
0.5275	0.0684666	0.0668513	0.0700818	0.00161525
0.6945	0.0562933	0.0549448	0.0576417	0.00134841
0.862	0.0166898	0.0161264	0.0172532	0.000563411
0.528	0.0683339	0.0667268	0.0699409	0.00160708
0.695	0.0561104	0.0547667	0.057454	0.00134363
0.8625	0.0164584	0.0158913	0.0170256	0.000567157
0.5285	0.06973	0.0681067	0.0713533	0.00162331
0.6955	0.0537761	0.0524551	0.0550971	0.00132101
0.863	0.0161577	0.0155986	0.0167168	0.000559103
0.529	0.0688537	0.0672444	0.0704629	0.00160927
0.696	0.0555831	0.0542412	0.0569251	0.00134195
0.8635	0.016555	0.0159915	0.0171185	0.000563526
0.5295	0.0693484	0.0677357	0.070961	0.00161264
0.6965	0.0556791	0.0543432	0.057015	0.00133591
0.864	0.0166793	0.0161164	0.0172423	0.00056295
0.53	0.0692736	0.0676534	0.0708938	0.00162019
0.697	0.0553512	0.0540182	0.0566842	0.00133298
0.8645	0.0165232	0.0159637	0.0170828	0.000559592
0.5305	0.0694245	0.0678159	0.0710331	0.00160859
0.6975	0.0555416	0.0542136	0.0568696	0.00132799
0.865	0.0160755	0.0155215	0.0166296	0.00055406
0.531	0.0689789	0.0673529	0.0706049	0.00162601
0.698	0.0550791	0.0537518	0.0564064	0.0013273
0.8655	0.0159434	0.0153949	0.0164919	0.000548481
0.5315	0.0672904	0.0656876	0.0688932	0.00160283
0.6985	0.0545332	0.0532176	0.0558488	0.00131561
0.866	0.0161947	0.0156407	0.0167487	0.000553982
0.532	0.0677983	0.0661998	0.0693969	0.0015985
0.699	0.0534511	0.0521503	0.0547518	0.00130074
0.8665	0.0158598	0.0153128	0.0164067	0.000546942
0.5325	0.0672908	0.065716	0.0688657	0.00157483
0.6995	0.0544685	0.0531502	0.0557868	0.00131832
0.867	0.0154136	0.014878	0.0159491	0.000535548
0.533	0.0698494	0.0682248	0.0714741	0.0016247
0.7	0.0529964	0.0516887	0.054304	0.00130766
0.8675	0.0154104	0.0148753	0.0159455	0.000535076
0.5335	0.068228	0.0666252	0.0698309	0.00160285
0.7005	0.0540933	0.0527797	0.055407	0.00131367
0.868	0.0149836	0.0144527	0.0155146	0.000530937
0.534	0.0682673	0.0666593	0.0698752	0.00160794
0.701	0.0532022	0.0519037	0.0545007	0.00129849
0.8685	0.0152881	0.0147575	0.0158187	0.000530586
0.5345	0.069841	0.068211	0.0714709	0.00162993
0.7015	0.0526969	0.0513948	0.0539989	0.00130205
0.869	0.0151394	0.0146102	0.0156687	0.000529262
0.535	0.0689576	0.067344	0.0705712	0.00161359
0.702	0.0542009	0.0528859	0.0555159	0.00131501
0.8695	0.014795	0.0142692	0.0153208	0.000525769
0.5355	0.0683792	0.0667716	0.0699868	0.00160761
0.7025	0.0544268	0.0531006	0.055753	0.00132621
0.87	0.0146953	0.0141744	0.0152161	0.000520847
0.536	0.0693618	0.0677492	0.0709743	0.00161258
0.703	0.0537948	0.0524814	0.0551083	0.00131344
0.8705	0.0148077	0.0142879	0.0153275	0.000519809
0.5365	0.0681589	0.0665642	0.0697535	0.00159464
0.7035	0.0536961	0.0523943	0.0549979	0.00130182
0.871	0.0148278	0.0143062	0.0153494	0.0005216
0.537	0.0673656	0.0657677	0.0689636	0.00159795
0.704	0.0521498	0.0508612	0.0534384	0.00128863
0.8715	0.014438	0.0139228	0.0149532	0.000515168
0.7045	0.0523148	0.0510331	0.0535966	0.00128172
0.5375	0.0683467	0.0667378	0.0699555	0.00160881
0.872	0.0141887	0.0136803	0.014697	0.000508386
0.705	0.0527685	0.05149	0.0540469	0.00127844
0.538	0.068672	0.0670656	0.0702785	0.00160649
0.8725	0.0145728	0.01406	0.0150855	0.000512733
0.7055	0.0525636	0.0512719	0.0538553	0.0012917
0.5385	0.0689535	0.0673423	0.0705647	0.00161121
0.873	0.0144782	0.0139654	0.014991	0.000512763
0.706	0.0550217	0.0536986	0.0563448	0.00132309
0.539	0.0695466	0.0679249	0.0711683	0.00162173
0.8735	0.0146706	0.01415	0.0151912	0.000520567
0.7065	0.0527768	0.0514866	0.0540669	0.00129016
0.5395	0.0698951	0.0682794	0.0715108	0.0016157
0.874	0.0137591	0.0132594	0.0142589	0.000499743
0.707	0.0530622	0.0517741	0.0543503	0.00128811
0.54	0.0669451	0.0653604	0.0685298	0.00158469
0.8745	0.0140779	0.013574	0.0145818	0.00050391
0.7075	0.0538942	0.0525832	0.0552051	0.00131095
0.5405	0.0691172	0.0675044	0.0707299	0.00161277
0.875	0.0138552	0.0133573	0.014353	0.000497875
0.708	0.0524895	0.0512079	0.053771	0.00128153
0.541	0.0678218	0.0662095	0.0694341	0.0016123
0.8755	0.0144223	0.0139185	0.0149261	0.000503803
0.7085	0.0534189	0.052128	0.0547099	0.00129095
0.5415	0.0697292	0.0681043	0.0713542	0.00162492
0.876	0.0132368	0.0127541	0.0137196	0.000482778
0.709	0.0534831	0.0521874	0.0547788	0.00129572
0.542	0.0682845	0.0666943	0.0698747	0.0015902
0.8765	0.0130929	0.0126128	0.013573	0.000480062
0.7095	0.052924	0.0516366	0.0542113	0.00128739
0.5425	0.0679669	0.0663827	0.0695511	0.00158419
0.877	0.0138725	0.0133774	0.0143675	0.000495073
0.71	0.0522952	0.0510146	0.0535758	0.00128062
0.543	0.0686741	0.0670622	0.070286	0.00161193
0.8775	0.0130247	0.0125453	0.013504	0.00047937
0.7105	0.0550766	0.0537735	0.0563797	0.00130309
0.878	0.0136737	0.0131804	0.014167	0.000493289
0.5435	0.0701277	0.0684925	0.0717629	0.00163521
0.711	0.0521756	0.0509015	0.0534498	0.0012742
0.8785	0.0128684	0.0123936	0.0133432	0.000474791
0.544	0.0683091	0.0667124	0.0699059	0.00159677
0.7115	0.0531179	0.0518271	0.0544088	0.00129087
0.879	0.0132113	0.0127327	0.0136899	0.000478577
0.5445	0.0679302	0.0663295	0.069531	0.00160076
0.712	0.0514108	0.0501442	0.0526775	0.00126664
0.8795	0.0129318	0.0124539	0.0134097	0.00047792
0.545	0.0689497	0.0673397	0.0705597	0.00160999
0.7125	0.0521785	0.050905	0.0534521	0.00127358
0.88	0.0128941	0.0124237	0.0133645	0.000470435
0.5455	0.0687715	0.0671804	0.0703626	0.00159113
0.713	0.0518209	0.050547	0.0530947	0.00127385
0.8805	0.013194	0.0127184	0.0136695	0.000475521
0.546	0.0705003	0.0688733	0.0721272	0.00162694
0.7135	0.0509372	0.0496802	0.0521942	0.00125703
0.881	0.0122427	0.011783	0.0127023	0.000459663
0.5465	0.0673284	0.0657356	0.0689211	0.00159278
0.714	0.0517703	0.0505033	0.0530374	0.00126705
0.8815	0.0127186	0.0122507	0.0131864	0.000467839
0.547	0.0677832	0.066186	0.0693803	0.00159712
0.7145	0.0516085	0.0503414	0.0528755	0.00126705
0.882	0.0130705	0.0125945	0.0135465	0.000475989
0.5475	0.0685829	0.0669729	0.070193	0.00161003
0.715	0.0510178	0.0497544	0.0522813	0.00126345
0.8825	0.012159	0.0117027	0.0126154	0.000456373
0.548	0.0663336	0.0647614	0.0679058	0.00157221
0.7155	0.0506981	0.0494398	0.0519564	0.00125833
0.883	0.0122789	0.0118203	0.0127376	0.000458629
0.5485	0.0699642	0.0683458	0.0715825	0.00161831
0.716	0.0513474	0.0500852	0.0526096	0.00126216
0.8835	0.0121122	0.0116603	0.0125642	0.000451948
0.549	0.068777	0.067158	0.0703959	0.00161893
0.7165	0.0519431	0.0506608	0.0532253	0.00128223
0.884	0.0116847	0.0112406	0.0121288	0.000444123
0.5495	0.0667327	0.0651354	0.06833	0.00159731
0.717	0.0507112	0.0494535	0.051969	0.00125773
0.8845	0.0119139	0.0114662	0.0123616	0.000447696
0.55	0.0689158	0.067316	0.0705156	0.00159981
0.7175	0.0509943	0.04974	0.0522485	0.00125428
0.885	0.0113598	0.0109248	0.0117948	0.000435036
0.5505	0.067468	0.0658805	0.0690554	0.00158743
0.718	0.0516684	0.0504064	0.0529305	0.00126205
0.8855	0.0120049	0.0115575	0.0124524	0.00044744
0.551	0.0687614	0.0671631	0.0703598	0.00159836
0.7185	0.0506746	0.049429	0.0519203	0.00124564
0.886	0.0121612	0.011709	0.0126134	0.000452187
0.5515	0.0690143	0.0674125	0.0706162	0.00160185
0.719	0.0494712	0.0482277	0.0507148	0.00124354
0.8865	0.0115851	0.0111462	0.0120239	0.000438857
0.552	0.0666	0.0650065	0.0681935	0.00159349
0.7195	0.0497594	0.0485124	0.0510063	0.00124695
0.887	0.0115168	0.0110808	0.0119529	0.000436065
0.5525	0.0671178	0.0655254	0.0687101	0.00159232
0.72	0.0505886	0.0493359	0.0518412	0.00125263
0.8875	0.0113823	0.0109457	0.011819	0.000436622
0.553	0.0670409	0.0654455	0.0686362	0.00159536
0.7205	0.0510439	0.0497902	0.0522976	0.00125369
0.888	0.0119141	0.011469	0.0123592	0.000445116
0.5535	0.0692949	0.067686	0.0709038	0.00160889
0.721	0.0500992	0.0488572	0.0513411	0.00124197
0.8885	0.0111277	0.0107006	0.0115548	0.000427139
0.554	0.0665184	0.0649337	0.0681031	0.00158472
0.7215	0.0504693	0.0492287	0.0517099	0.0012406
0.889	0.0111751	0.0107481	0.011602	0.000426967
0.5545	0.0667717	0.0651967	0.0683466	0.00157494
0.722	0.0499461	0.0487205	0.0511716	0.00122555
0.8895	0.0111139	0.0106905	0.0115373	0.000423404
0.555	0.0670081	0.0654232	0.0685931	0.00158496
0.7225	0.0498675	0.0486333	0.0511017	0.00123418
0.89	0.0115506	0.0111173	0.011984	0.000433351
0.5555	0.0683717	0.0667742	0.0699692	0.00159747
0.723	0.0496707	0.0484385	0.0509028	0.00123212
0.8905	0.0106015	0.0101888	0.0110143	0.00041275
0.556	0.0675168	0.0659316	0.0691019	0.00158511
0.7235	0.0509588	0.049716	0.0522016	0.00124281
0.891	0.0107577	0.010344	0.0111714	0.000413695
0.5565	0.0679472	0.0663559	0.0695386	0.00159135
0.724	0.0494976	0.0482737	0.0507215	0.00122391
0.8915	0.0103912	0.00998135	0.0108011	0.000409886
0.557	0.0699398	0.0683237	0.0715559	0.0016161
0.7245	0.0491625	0.0479483	0.0503767	0.00121418
0.892	0.0106627	0.0102478	0.0110775	0.000414861
0.5575	0.0684238	0.0668091	0.0700385	0.00161474
0.725	0.0481462	0.0469345	0.0493579	0.00121167
0.8925	0.0105042	0.0100962	0.0109122	0.000408019
0.558	0.0693324	0.0677215	0.0709433	0.00161091
0.7255	0.0493337	0.0481061	0.0505613	0.00122761
0.893	0.0106367	0.0102252	0.0110482	0.00041148
0.5585	0.0670022	0.065419	0.0685854	0.00158319
0.726	0.0501349	0.0489042	0.0513655	0.00123067
0.8935	0.0100756	0.00967873	0.0104724	0.000396855
0.559	0.0669634	0.0653814	0.0685454	0.00158201
0.7265	0.0488112	0.0475995	0.0500228	0.00121164
0.894	0.010125	0.00972738	0.0105226	0.000397594
0.5595	0.0680613	0.0664794	0.0696433	0.00158197
0.727	0.0491836	0.0479689	0.0503982	0.00121467
0.8945	0.00991908	0.00952381	0.0103143	0.000395266
0.56	0.0676665	0.0660687	0.0692643	0.00159781
0.7275	0.0487157	0.0474983	0.0499331	0.00121741
0.895	0.010292	0.00989097	0.010693	0.00040102
0.5605	0.067752	0.0661778	0.0693262	0.00157419
0.728	0.0479738	0.0467624	0.0491852	0.0012114
0.8955	0.0102714	0.00987055	0.0106723	0.000400871
0.561	0.0688499	0.0672567	0.0704431	0.00159321
0.7285	0.0484907	0.0472796	0.0497018	0.00121111
0.896	0.00986997	0.00947883	0.0102611	0.000391146
0.5615	0.0670836	0.0654987	0.0686684	0.00158485
0.729	0.0478356	0.0466364	0.0490348	0.0011992
0.8965	0.00977416	0.00938676	0.0101616	0.000387404
0.562	0.0686073	0.067005	0.0702096	0.00160232
0.7295	0.0493495	0.048124	0.050575	0.0012255
0.897	0.0100198	0.00962704	0.0104126	0.000392783
0.5625	0.0657681	0.0641895	0.0673467	0.0015786
0.73	0.0489453	0.0477306	0.05016	0.00121472
0.8975	0.00935026	0.00897058	0.00972994	0.000379679
0.563	0.0666534	0.065077	0.0682298	0.00157637
0.7305	0.0487363	0.0475362	0.0499364	0.00120012
0.898	0.00939922	0.00902234	0.00977609	0.000376877
0.5635	0.0666011	0.065015	0.0681873	0.00158616
0.731	0.0479057	0.0467132	0.0490982	0.00119249
0.8985	0.00973459	0.00934933	0.0101199	0.000385268
0.564	0.0672104	0.0656214	0.0687993	0.00158894
0.7315	0.0485428	0.0473339	0.0497516	0.00120881
0.899	0.00960596	0.00922348	0.00998844	0.000382479
0.5645	0.0672358	0.0656457	0.0688259	0.00159013
0.732	0.0495048	0.048293	0.0507166	0.00121177
0.8995	0.00908123	0.00871305	0.00944941	0.000368181
0.565	0.0676609	0.0660647	0.0692571	0.00159619
0.7325	0.0471326	0.0459437	0.0483216	0.00118893
0.9	0.00907303	0.00870206	0.009444	0.000370968
0.5655	0.0674092	0.065819	0.0689995	0.00159025
0.733	0.0485004	0.0473021	0.0496987	0.00119826
0.9005	0.0091203	0.00875113	0.00948947	0.00036917
0.566	0.0680469	0.0664684	0.0696254	0.0015785
0.7335	0.0456862	0.0445062	0.0468663	0.00118008
0.901	0.00927844	0.00890605	0.00965082	0.000372387
0.5665	0.0686272	0.0670306	0.0702239	0.00159663
0.734	0.0473572	0.0461759	0.0485386	0.00118132
0.9015	0.00853023	0.00817674	0.00888372	0.000353492
0.567	0.0683164	0.066721	0.0699118	0.0015954
0.7345	0.0484159	0.0472106	0.0496212	0.00120531
0.902	0.00881523	0.00845638	0.00917407	0.000358846
0.5675	0.0678436	0.0662545	0.0694327	0.0015891
0.735	0.0470148	0.0458306	0.048199	0.00118417
0.9025	0.00822565	0.00787975	0.00857155	0.000345903
0.7355	0.0479146	0.0467215	0.0491078	0.00119315
0.568	0.068922	0.0673287	0.0705153	0.0015933
0.903	0.00868568	0.00833047	0.00904088	0.000355206
0.736	0.0473773	0.0461827	0.0485719	0.00119458
0.5685	0.0697665	0.0681447	0.0713882	0.00162175
0.9035	0.00857878	0.00822631	0.00893125	0.000352473
0.7365	0.0463917	0.0452088	0.0475747	0.00118292
0.569	0.0684198	0.0668238	0.0700158	0.00159603
0.904	0.00827441	0.00793047	0.00861835	0.000343941
0.737	0.047081	0.0459045	0.0482576	0.00117655
0.5695	0.0665786	0.0650001	0.0681571	0.00157851
0.9045	0.00815727	0.00781584	0.0084987	0.000341431
0.7375	0.0469837	0.0458095	0.0481578	0.00117413
0.57	0.0684694	0.0668796	0.0700593	0.00158985
0.905	0.0083456	0.00799987	0.00869133	0.000345732
0.738	0.0472273	0.0460427	0.0484118	0.00118451
0.5705	0.0672826	0.0656935	0.0688718	0.00158913
0.9055	0.0078904	0.00755269	0.00822811	0.000337714
0.7385	0.046633	0.0454678	0.0477982	0.0011652
0.571	0.0670113	0.0654395	0.0685831	0.00157182
0.906	0.00789896	0.00756305	0.00823486	0.000335906
0.739	0.0461859	0.0450182	0.0473537	0.0011677
0.5715	0.0668292	0.065254	0.0684043	0.00157515
0.9065	0.00799788	0.00766277	0.00833298	0.000335104
0.7395	0.0465529	0.0453811	0.0477246	0.00117176
0.572	0.0665094	0.0649282	0.0680907	0.00158127
0.907	0.00765158	0.00732377	0.0079794	0.000327813
0.74	0.0469807	0.0458047	0.0481566	0.00117596
0.5725	0.069147	0.0675523	0.0707418	0.00159471
0.9075	0.00758451	0.00725764	0.00791138	0.000326871
0.7405	0.0461529	0.0449867	0.0473192	0.00116622
0.573	0.0683651	0.0667673	0.0699629	0.0015978
0.908	0.00740843	0.00708593	0.00773093	0.000322501
0.741	0.0457781	0.0446208	0.0469354	0.00115731
0.5735	0.066896	0.0653175	0.0684744	0.00157849
0.9085	0.00757186	0.0072461	0.00789762	0.000325762
0.7415	0.0457711	0.0445992	0.046943	0.0011719
0.574	0.0662359	0.0646704	0.0678015	0.00156553
0.909	0.00785225	0.00752289	0.00818161	0.000329361
0.742	0.0465635	0.0454005	0.0477265	0.001163
0.5745	0.0675656	0.0659884	0.0691428	0.0015772
0.9095	0.00770026	0.00737372	0.0080268	0.00032654
0.7425	0.0456705	0.0445083	0.0468326	0.00116215
0.575	0.0681111	0.0665279	0.0696942	0.00158317
0.91	0.0070749	0.006767	0.0073828	0.000307898
0.743	0.0456418	0.0444861	0.0467974	0.00115569
0.5755	0.0686997	0.0670942	0.0703053	0.00160556
0.9105	0.00734697	0.00703228	0.00766166	0.000314693
0.7435	0.0463709	0.0452086	0.0475331	0.00116228
0.576	0.067165	0.0655846	0.0687453	0.00158035
0.911	0.0073933	0.00707585	0.00771075	0.000317452
0.744	0.0463884	0.0452339	0.0475428	0.00115444
0.5765	0.0679509	0.0663611	0.0695406	0.00158974
0.9115	0.00711825	0.00680797	0.00742852	0.000310276
0.7445	0.0458699	0.0447171	0.0470226	0.00115277
0.577	0.0690245	0.0674293	0.0706198	0.00159525
0.912	0.00740023	0.0070854	0.00771506	0.000314828
0.745	0.0457846	0.0446347	0.0469346	0.00114995
0.5775	0.0667828	0.0652004	0.0683651	0.00158239
0.9125	0.0070254	0.00671742	0.00733338	0.00030798
0.7455	0.0452466	0.0440989	0.0463943	0.00114769
0.578	0.0670519	0.06548	0.0686238	0.00157186
0.913	0.0070781	0.00676899	0.00738722	0.000309115
0.746	0.0454548	0.0443028	0.0466069	0.00115206
0.5785	0.0668245	0.0652577	0.0683913	0.00156677
0.9135	0.0067378	0.00643959	0.00703601	0.000298211
0.7465	0.0449932	0.0438499	0.0461366	0.00114337
0.579	0.0675469	0.0659617	0.0691321	0.00158519
0.914	0.00684027	0.00654272	0.00713782	0.000297551
0.747	0.0426537	0.0415291	0.0437782	0.00112455
0.9145	0.00675793	0.0064596	0.00705626	0.000298332
0.5795	0.0660528	0.0645042	0.0676014	0.00154859
0.7475	0.0447576	0.0436194	0.0458958	0.00113819
0.915	0.00664463	0.00635034	0.00693893	0.000294296
0.58	0.068098	0.0665235	0.0696725	0.0015745
0.748	0.0457312	0.0445792	0.0468832	0.00115197
0.9155	0.00648828	0.00620009	0.00677646	0.000288185
0.5805	0.0679678	0.0663779	0.0695577	0.00158987
0.7485	0.045036	0.0438943	0.0461777	0.00114172
0.916	0.00662207	0.0063283	0.00691585	0.000293775
0.581	0.0679583	0.0663747	0.0695418	0.00158353
0.749	0.0442368	0.043111	0.0453626	0.00112577
0.9165	0.00600684	0.00572816	0.00628552	0.000278684
0.5815	0.0697893	0.0681761	0.0714025	0.00161319
0.7495	0.0442288	0.0430993	0.0453584	0.00112954
0.917	0.00617465	0.0058945	0.0064548	0.00028015
0.582	0.0676558	0.0660837	0.0692279	0.00157208
0.75	0.0437281	0.0426046	0.0448517	0.00112354
0.9175	0.00658447	0.00629332	0.00687562	0.000291153
0.5825	0.0667015	0.0651207	0.0682824	0.00158086
0.7505	0.0423709	0.0412658	0.043476	0.00110511
0.918	0.00650349	0.0062158	0.00679117	0.000287685
0.583	0.0672438	0.0656676	0.0688199	0.00157616
0.751	0.0447577	0.0436311	0.0458843	0.0011266
0.9185	0.00620392	0.00592586	0.00648197	0.000278055
0.5835	0.0671727	0.0655924	0.068753	0.00158034
0.7515	0.0441629	0.0430361	0.0452897	0.00112679
0.919	0.00604077	0.0057668	0.00631474	0.000273974
0.584	0.067697	0.066101	0.0692931	0.00159605
0.752	0.0443663	0.0432354	0.0454972	0.0011309
0.9195	0.00599061	0.00571673	0.00626449	0.000273881
0.5845	0.0680402	0.0664423	0.0696381	0.00159791
0.7525	0.045014	0.0438762	0.0461519	0.00113788
0.92	0.00583445	0.00556698	0.00610192	0.00026747
0.585	0.0664443	0.0648887	0.068	0.00155565
0.753	0.0432219	0.0421104	0.0443334	0.0011115
0.9205	0.00597822	0.00570775	0.0062487	0.000270472
0.5855	0.0678402	0.0662683	0.0694121	0.0015719
0.7535	0.042772	0.041669	0.0438751	0.00110308
0.921	0.0056952	0.00543036	0.00596005	0.000264848
0.586	0.0686698	0.0670935	0.0702461	0.00157634
0.754	0.0445849	0.0434674	0.0457025	0.00111756
0.9215	0.00553116	0.00527209	0.00579024	0.000259073
0.5865	0.0678934	0.0663236	0.0694631	0.00156975
0.7545	0.0429569	0.0418594	0.0440544	0.0010975
0.922	0.00568525	0.00542224	0.00594827	0.000263016
0.587	0.0672163	0.0656507	0.0687819	0.00156561
0.755	0.0437364	0.0426202	0.0448527	0.00111629
0.9225	0.00549519	0.00523679	0.0057536	0.000258409
0.5875	0.0669808	0.065411	0.0685507	0.00156985
0.7555	0.0429949	0.0418898	0.0441	0.0011051
0.923	0.00540034	0.00514506	0.00565561	0.000255275
0.588	0.0653953	0.0638494	0.0669413	0.00154597
0.756	0.0425039	0.0414139	0.043594	0.00109005
0.9235	0.0054243	0.00517094	0.00567766	0.000253364
0.5885	0.0672209	0.0656539	0.068788	0.00156702
0.7565	0.043698	0.0425847	0.0448112	0.00111323
0.924	0.00514323	0.0048957	0.00539076	0.00024753
0.589	0.0660311	0.0644811	0.067581	0.00154996
0.757	0.0420213	0.0409311	0.0431115	0.00109021
0.9245	0.00498029	0.00473918	0.00522141	0.000241115
0.5895	0.0674227	0.0658527	0.0689927	0.00157001
0.7575	0.0425828	0.0414858	0.0436797	0.00109695
0.925	0.00506204	0.00481826	0.00530583	0.000243789
0.59	0.0659049	0.0643544	0.0674554	0.00155049
0.758	0.0416444	0.0405568	0.0427321	0.00108768
0.9255	0.00524951	0.00500098	0.00549804	0.000248528
0.5905	0.0667116	0.0651517	0.0682714	0.00155981
0.7585	0.0418014	0.0407202	0.0428825	0.00108119
0.926	0.0050886	0.00484478	0.00533242	0.000243822
0.591	0.0668628	0.0653084	0.0684172	0.0015544
0.759	0.0419439	0.0408555	0.0430323	0.00108839
0.9265	0.00506895	0.00482572	0.00531219	0.000243235
0.5915	0.0674495	0.0658726	0.0690263	0.00157686
0.7595	0.041231	0.0401602	0.0423018	0.00107081
0.927	0.00481399	0.00457841	0.00504958	0.000235585
0.592	0.0671183	0.0655515	0.068685	0.00156674
0.76	0.0398044	0.0387362	0.0408726	0.00106815
0.9275	0.00522649	0.00497967	0.00547331	0.000246819
0.5925	0.0680799	0.0664917	0.0696681	0.00158822
0.7605	0.0414708	0.0403995	0.0425421	0.00107127
0.928	0.00484333	0.00461034	0.00507632	0.000232989
0.593	0.0659108	0.06435	0.0674717	0.00156085
0.761	0.0423937	0.0413102	0.0434772	0.00108348
0.9285	0.00441304	0.00419072	0.00463536	0.000222323
0.5935	0.0665713	0.0650097	0.068133	0.00156166
0.7615	0.0416169	0.0405405	0.0426933	0.00107639
0.929	0.0046248	0.00439887	0.00485073	0.00022593
0.594	0.0662057	0.0646443	0.0677672	0.00156147
0.762	0.0409066	0.0398413	0.0419719	0.0010653
0.9295	0.00457412	0.00434754	0.0048007	0.000226581
0.5945	0.0671724	0.0655965	0.0687484	0.00157591
0.7625	0.041335	0.0402707	0.0423993	0.00106431
0.93	0.00474073	0.00451209	0.00496938	0.000228642
0.595	0.0663777	0.0648333	0.0679221	0.00154443
0.763	0.0403487	0.0392874	0.04141	0.00106132
0.9305	0.00433734	0.00412133	0.00455335	0.00021601
0.5955	0.0657151	0.0641698	0.0672604	0.00154528
0.7635	0.0398113	0.0387601	0.0408625	0.00105121
0.931	0.00433619	0.00411869	0.0045537	0.000217505
0.596	0.0657206	0.0641632	0.067278	0.0015574
0.764	0.040429	0.0393751	0.0414829	0.00105391
0.9315	0.00446404	0.00424305	0.00468502	0.000220984
0.5965	0.0679888	0.0664221	0.0695554	0.00156666
0.7645	0.0413137	0.0402361	0.0423912	0.00107755
0.932	0.00442747	0.00420949	0.00464544	0.000217979
0.597	0.0665969	0.065037	0.0681569	0.00155996
0.765	0.039683	0.0386332	0.0407328	0.00104983
0.9325	0.00412104	0.00391107	0.00433101	0.000209973
0.5975	0.0665139	0.0649518	0.068076	0.00156209
0.7655	0.0390703	0.0380313	0.0401094	0.00103903
0.933	0.00379262	0.00359424	0.003991	0.00019838
0.598	0.0649136	0.0633841	0.0664431	0.00152947
0.766	0.0389587	0.0379203	0.0399971	0.0010384
0.9335	0.00426935	0.00405766	0.00448104	0.000211691
0.5985	0.0649367	0.0634067	0.0664666	0.00152999
0.7665	0.0397059	0.0386649	0.040747	0.00104102
0.934	0.00385761	0.00365702	0.0040582	0.000200592
0.599	0.0664459	0.0648909	0.0680008	0.00155494
0.767	0.0388667	0.0378342	0.0398991	0.00103242
0.9345	0.00395743	0.00375499	0.00415987	0.000202439
0.5995	0.0656119	0.0640666	0.0671573	0.00154535
0.7675	0.0400352	0.038986	0.0410844	0.0010492
0.935	0.00375862	0.00356273	0.00395452	0.000195894
0.6	0.0657831	0.0642431	0.0673231	0.00153999
0.768	0.0404979	0.0394491	0.0415467	0.00104882
0.9355	0.0035643	0.00337398	0.00375461	0.000190318
0.6005	0.0672101	0.0656363	0.0687838	0.00157376
0.7685	0.039373	0.0383323	0.0404138	0.00104073
0.936	0.00393154	0.00373161	0.00413147	0.00019993
0.601	0.0669391	0.0653805	0.0684978	0.00155867
0.769	0.038259	0.0372375	0.0392806	0.00102155
0.9365	0.00372295	0.00353081	0.00391509	0.000192143
0.6015	0.0663435	0.0647957	0.0678913	0.00154777
0.7695	0.0399083	0.0388615	0.0409551	0.0010468
0.937	0.00393918	0.00374042	0.00413795	0.000198764
0.602	0.0664958	0.0649296	0.0680619	0.00156615
0.77	0.0395041	0.0384697	0.0405384	0.00103437
0.9375	0.00331354	0.00313058	0.0034965	0.000182958
0.6025	0.0654873	0.0639533	0.0670213	0.001534
0.7705	0.0393183	0.0382863	0.0403504	0.00103204
0.938	0.00340361	0.0032205	0.00358673	0.000183116
0.603	0.0659533	0.0644167	0.06749	0.00153665
0.771	0.0390993	0.038064	0.0401347	0.00103537
0.9385	0.00353151	0.00334594	0.00371708	0.000185568
0.6035	0.0662393	0.0646821	0.0677964	0.00155717
0.7715	0.0389703	0.0379451	0.0399954	0.00102512
0.939	0.00359563	0.00340913	0.00378212	0.000186495
0.604	0.0657376	0.0641947	0.0672806	0.00154295
0.772	0.0385902	0.0375664	0.0396141	0.00102382
0.9395	0.00338712	0.00320665	0.00356759	0.000180468
0.6045	0.0647417	0.0632102	0.0662732	0.00153152
0.7725	0.0384733	0.0374473	0.0394992	0.00102595
0.94	0.00336661	0.00318568	0.00354755	0.000180939
0.605	0.0657691	0.0642304	0.0673079	0.00153875
0.773	0.0393153	0.0382896	0.040341	0.00102568
0.9405	0.00349779	0.00331653	0.00367906	0.000181262
0.6055	0.0658205	0.0642817	0.0673593	0.00153882
0.7735	0.0392029	0.0381791	0.0402267	0.0010238
0.941	0.00298996	0.00282226	0.00315767	0.000167707
0.606	0.0658226	0.0642871	0.067358	0.00153547
0.774	0.0387503	0.0377262	0.0397744	0.00102411
0.9415	0.00335601	0.00317718	0.00353484	0.000178829
0.6065	0.0671129	0.0655534	0.0686725	0.00155956
0.7745	0.0376116	0.0366067	0.0386165	0.0010049
0.942	0.0031026	0.00293354	0.00327166	0.000169061
0.607	0.0649313	0.063402	0.0664606	0.00152929
0.775	0.0372125	0.0362108	0.0382141	0.0010016
0.9425	0.0030267	0.0028608	0.00319259	0.000165897
0.6075	0.0671065	0.0655508	0.0686622	0.00155569
0.7755	0.038819	0.0377985	0.0398396	0.00102053
0.943	0.00300905	0.00284204	0.00317606	0.000167011
0.608	0.0668292	0.0652686	0.0683899	0.00156064
0.776	0.0369561	0.0359558	0.0379564	0.00100034
0.9435	0.00293002	0.00276758	0.00309246	0.000162442
0.6085	0.0640998	0.0625818	0.0656179	0.00151804
0.7765	0.0374388	0.0364338	0.0384437	0.00100497
0.944	0.00293281	0.00277149	0.00309412	0.000161314
0.609	0.065402	0.0638509	0.0669532	0.00155115
0.777	0.0377997	0.0368047	0.0387947	0.000995013
0.9445	0.00282717	0.00266957	0.00298477	0.0001576
0.6095	0.0659232	0.0643766	0.0674698	0.00154662
0.7775	0.0377115	0.0367119	0.0387112	0.000999614
0.945	0.00274663	0.00258761	0.00290565	0.00015902
0.61	0.0655991	0.0640784	0.0671198	0.0015207
0.778	0.0372104	0.0362114	0.0382094	0.000998977
0.9455	0.00278923	0.00263344	0.00294502	0.000155787
0.6105	0.0655868	0.0640573	0.0671163	0.00152953
0.7785	0.036803	0.0358114	0.0377946	0.000991606
0.946	0.00260066	0.0024503	0.00275102	0.000150355
0.611	0.0663682	0.0648249	0.0679115	0.00154331
0.779	0.0369795	0.0359855	0.0379734	0.000993993
0.9465	0.00270185	0.00254858	0.00285511	0.000153265
0.6115	0.0655849	0.0640415	0.0671284	0.00154348
0.7795	0.0372053	0.0362118	0.0381988	0.000993461
0.947	0.00270479	0.00255363	0.00285596	0.000151167
0.78	0.0371257	0.0361275	0.038124	0.000998272
0.612	0.0676419	0.0660718	0.069212	0.00157006
0.9475	0.00263331	0.0024831	0.00278352	0.000150212
0.7805	0.0363362	0.0353612	0.0373111	0.000974902
0.6125	0.0638903	0.0623851	0.0653955	0.00150516
0.948	0.00223949	0.00210373	0.00237526	0.000135763
0.781	0.0365019	0.0355176	0.0374863	0.000984378
0.613	0.0662318	0.0646917	0.067772	0.00154017
0.9485	0.00248045	0.0023366	0.00262431	0.000143855
0.7815	0.0356317	0.0346615	0.0366019	0.000970203
0.6135	0.0663005	0.064747	0.0678541	0.00155354
0.949	0.0023422	0.00220308	0.00248131	0.000139112
0.782	0.0356198	0.0346521	0.0365875	0.000967697
0.614	0.0658137	0.0642725	0.067355	0.00154125
0.9495	0.00235407	0.00221512	0.00249301	0.000138948
0.7825	0.0362452	0.0352677	0.0372227	0.000977507
0.6145	0.0644928	0.0629637	0.0660219	0.00152912
0.95	0.00218779	0.00205303	0.00232255	0.000134761
0.783	0.0361911	0.0352204	0.0371618	0.000970724
0.615	0.0667278	0.0651857	0.0682699	0.00154207
0.9505	0.00228777	0.00215331	0.00242224	0.000134468
0.7835	0.0366408	0.0356585	0.037623	0.000982251
0.6155	0.0662667	0.0647207	0.0678126	0.00154597
0.951	0.00237057	0.00223341	0.00250772	0.000137159
0.784	0.0350081	0.0340465	0.0359696	0.000961545
0.616	0.064996	0.0634576	0.0665344	0.00153839
0.9515	0.00207515	0.00194645	0.00220385	0.0001287
0.7845	0.0358238	0.0348522	0.0367955	0.00097165
0.6165	0.0645417	0.0630208	0.0660627	0.00152095
0.952	0.00215026	0.00202124	0.00227927	0.000129017
0.785	0.0351595	0.0341903	0.0361288	0.000969268
0.617	0.0659456	0.0644091	0.0674821	0.00153648
0.9525	0.00219878	0.00206802	0.00232955	0.000130767
0.7855	0.0356564	0.0346896	0.0366233	0.000966817
0.6175	0.0653263	0.0638054	0.0668471	0.00152084
0.953	0.00198091	0.00185705	0.00210477	0.000123859
0.786	0.0352215	0.0342625	0.0361805	0.00095902
0.9535	0.00208648	0.00195936	0.00221359	0.000127115
0.618	0.0649479	0.0634348	0.066461	0.00151308
0.7865	0.0352457	0.0342915	0.0361998	0.000954165
0.954	0.00205845	0.0019336	0.0021833	0.000124854
0.6185	0.0645241	0.0630146	0.0660336	0.00150948
0.787	0.0353309	0.0343661	0.0362956	0.000964765
0.9545	0.00180827	0.00169286	0.00192368	0.000115409
0.619	0.0653376	0.0638105	0.0668647	0.00152706
0.7875	0.035498	0.0345385	0.0364576	0.000959524
0.955	0.00192395	0.00180378	0.00204412	0.000120166
0.6195	0.065336	0.0637953	0.0668766	0.00154062
0.788	0.0342877	0.033331	0.0352444	0.000956725
0.9555	0.0017763	0.00166143	0.00189117	0.000114873
0.62	0.0659814	0.0644591	0.0675037	0.00152227
0.7885	0.0349955	0.034045	0.035946	0.000950512
0.956	0.00172806	0.00161608	0.00184003	0.000111976
0.6205	0.0659221	0.0643925	0.0674517	0.00152958
0.789	0.0335148	0.0325824	0.0344473	0.000932465
0.9565	0.00192245	0.00180387	0.00204103	0.000118581
0.621	0.065422	0.0638861	0.0669579	0.00153588
0.7895	0.0341484	0.0332106	0.0350862	0.000937781
0.957	0.00168725	0.00157842	0.00179607	0.000108825
0.6215	0.0658772	0.0643459	0.0674086	0.00153135
0.79	0.0346649	0.0337215	0.0356082	0.000943308
0.9575	0.00166816	0.0015609	0.00177543	0.000107264
0.622	0.064544	0.0630352	0.0660528	0.00150882
0.7905	0.0340363	0.033096	0.0349765	0.000940234
0.958	0.00152327	0.00142041	0.00162612	0.000102852
0.6225	0.0660098	0.0644788	0.0675409	0.00153106
0.791	0.0333079	0.0323858	0.0342301	0.000922151
0.9585	0.00158362	0.00147974	0.0016875	0.00010388
0.623	0.065719	0.0641956	0.0672425	0.00152345
0.7915	0.0335164	0.0325892	0.0344437	0.000927262
0.959	0.00155831	0.00145701	0.0016596	0.000101296
0.6235	0.0643675	0.0628581	0.0658769	0.00150938
0.792	0.0347073	0.0337673	0.0356472	0.000939913
0.9595	0.00155378	0.00145226	0.00165529	0.000101516
0.624	0.0630186	0.0615272	0.0645099	0.00149137
0.7925	0.0329561	0.0320364	0.0338758	0.000919684
0.96	0.00149639	0.00139648	0.0015963	9.99057e-05
0.6245	0.064587	0.0630771	0.066097	0.00150997
0.793	0.0332249	0.0323007	0.0341491	0.000924193
0.9605	0.00137373	0.00127886	0.0014686	9.48711e-05
0.625	0.0631883	0.0616862	0.0646904	0.00150209
0.7935	0.0336009	0.0326746	0.0345273	0.000926361
0.961	0.00139755	0.0013032	0.0014919	9.43502e-05
0.6255	0.0661682	0.0646403	0.067696	0.00152788
0.794	0.0325407	0.0316293	0.0334522	0.000911467
0.9615	0.00131251	0.00122113	0.00140388	9.13746e-05
0.626	0.0640895	0.0625881	0.0655909	0.00150139
0.7945	0.03339	0.0324639	0.0343161	0.000926117
0.962	0.00139807	0.00130471	0.00149143	9.33564e-05
0.6265	0.0633531	0.0618609	0.0648453	0.00149219
0.795	0.0342414	0.0333055	0.0351772	0.000935814
0.9625	0.00124739	0.00115903	0.00133574	8.83565e-05
0.627	0.0641626	0.0626633	0.065662	0.00149939
0.7955	0.0322227	0.0313186	0.0331269	0.00090413
0.963	0.00129175	0.00120345	0.00138005	8.82978e-05
0.6275	0.0625149	0.0610199	0.0640099	0.001495
0.796	0.0322797	0.0313709	0.0331885	0.00090878
0.9635	0.0013043	0.00121635	0.00139225	8.79542e-05
0.628	0.0644028	0.0628948	0.0659107	0.00150797
0.7965	0.0323985	0.0314921	0.0333049	0.000906429
0.964	0.00122258	0.00113675	0.00130842	8.5835e-05
0.6285	0.0652986	0.0637812	0.0668159	0.00151737
0.797	0.0324756	0.0315713	0.0333799	0.000904295
0.9645	0.00115662	0.00107417	0.00123907	8.24528e-05
0.629	0.0630593	0.0615668	0.0645517	0.00149244
0.7975	0.0323172	0.0314212	0.0332133	0.00089608
0.965	0.00105165	0.000973952	0.00112936	7.77017e-05
0.6295	0.0650478	0.0635288	0.0665668	0.00151902
0.798	0.0328778	0.0319728	0.0337827	0.000904944
0.9655	0.00106569	0.000987763	0.00114362	7.79273e-05
0.63	0.064577	0.0630737	0.0660803	0.00150329
0.7985	0.0318935	0.0309989	0.0327881	0.000894602
0.966	0.00104151	0.000964334	0.00111869	7.71762e-05
0.6305	0.0639356	0.0624231	0.0654482	0.00151255
0.799	0.0323341	0.0314303	0.033238	0.000903822
0.9665	0.00103956	0.000962909	0.00111621	7.66503e-05
0.631	0.0644538	0.0629467	0.065961	0.00150713
0.7995	0.0324272	0.0315256	0.0333287	0.000901543
0.967	0.000941937	0.000870046	0.00101383	7.18904e-05
0.6315	0.0647735	0.0632598	0.0662873	0.00151374
0.8	0.0318905	0.0310024	0.0327786	0.000888068
0.9675	0.000945254	0.000873489	0.00101702	7.17653e-05
0.632	0.0618195	0.0603389	0.0633001	0.00148059
0.968	0.000871127	0.000802187	0.000940067	6.89403e-05
0.8005	0.0308338	0.0299595	0.0317082	0.000874331
0.6325	0.0643931	0.0628689	0.0659173	0.0015242
0.9685	0.000898528	0.000829811	0.000967246	6.8718e-05
0.801	0.0317276	0.0308357	0.0326195	0.00089194
0.633	0.0646689	0.0631578	0.06618	0.00151114
0.969	0.000882628	0.000814303	0.000950953	6.8325e-05
0.8015	0.0316505	0.0307626	0.0325384	0.000887884
0.6335	0.0644743	0.0629717	0.0659769	0.0015026
0.9695	0.000856073	0.000791147	0.000920998	6.49258e-05
0.802	0.031769	0.0308768	0.0326612	0.000892239
0.634	0.0637748	0.062274	0.0652756	0.00150081
0.97	0.000886131	0.000819238	0.000953025	6.68933e-05
0.8025	0.0309042	0.0300272	0.0317813	0.000877072
0.6345	0.0645973	0.0630923	0.0661023	0.00150498
0.9705	0.000815397	0.000751198	0.000879596	6.41992e-05
0.803	0.0306416	0.0297733	0.0315099	0.000868337
0.635	0.0625513	0.0610656	0.064037	0.00148571
0.971	0.000808993	0.000745795	0.000872192	6.31982e-05
0.8035	0.0304873	0.0296153	0.0313594	0.000872068
0.6355	0.0639122	0.0624179	0.0654064	0.00149427
0.9715	0.0007564	0.000696158	0.000816643	6.02425e-05
0.804	0.0306956	0.0298275	0.0315637	0.00086812
0.636	0.0632808	0.0617788	0.0647828	0.00150202
0.972	0.000751196	0.000692394	0.000809997	5.88017e-05
0.8045	0.0310232	0.0301504	0.031896	0.000872776
0.6365	0.0625248	0.0610421	0.0640074	0.00148264
0.9725	0.000681163	0.000625006	0.000737319	5.61567e-05
0.805	0.0312507	0.0303723	0.0321291	0.000878373
0.637	0.0621818	0.0606991	0.0636645	0.0014827
0.973	0.000668249	0.000612825	0.000723673	5.54239e-05
0.8055	0.0302384	0.029378	0.0310988	0.000860406
0.6375	0.0628337	0.0613425	0.0643248	0.00149116
0.9735	0.000623227	0.000570645	0.000675809	5.25822e-05
0.806	0.0296863	0.0288331	0.0305395	0.000853208
0.638	0.0629124	0.0614179	0.064407	0.00149454
0.974	0.000608028	0.000556844	0.000659213	5.11846e-05
0.8065	0.030996	0.030124	0.0318681	0.000872083
0.6385	0.0632397	0.0617648	0.0647145	0.00147488
0.9745	0.000611109	0.000560102	0.000662115	5.10062e-05
0.807	0.0299339	0.0290795	0.0307883	0.000854434
0.639	0.062889	0.0614153	0.0643628	0.00147372
0.975	0.000579107	0.000529144	0.00062907	4.99629e-05
0.8075	0.0287324	0.0278895	0.0295752	0.000842836
0.6395	0.0627245	0.0612491	0.0641998	0.00147536
0.9755	0.000537061	0.000490187	0.000583935	4.6874e-05
0.808	0.0295023	0.0286493	0.0303554	0.00085308
0.64	0.0635091	0.0620219	0.0649962	0.00148713
0.976	0.00053469	0.000488315	0.000581064	4.63742e-05
0.8085	0.029873	0.0290152	0.0307308	0.0008578
0.6405	0.0635989	0.0621133	0.0650845	0.00148563
0.9765	0.000557573	0.00051056	0.000604586	4.70128e-05
0.809	0.029362	0.0285185	0.0302054	0.000843431
0.641	0.0627158	0.0612255	0.0642061	0.00149031
0.977	0.000448899	0.000407554	0.000490245	4.13454e-05
0.8095	0.0291019	0.0282618	0.0299421	0.000840153
0.6415	0.0643692	0.0628795	0.065859	0.00148972
0.9775	0.000454249	0.000412749	0.000495749	4.15002e-05
0.81	0.0295526	0.0287097	0.0303954	0.000842861
0.642	0.0626925	0.0612171	0.0641678	0.00147533
0.978	0.000439424	0.000398587	0.000480262	4.08379e-05
0.8105	0.0289187	0.0280867	0.0297507	0.000831996
0.6425	0.0629752	0.0614968	0.0644535	0.00147835
0.811	0.028647	0.0278148	0.0294792	0.000832208
0.9785	0.000404027	0.000365993	0.000442061	3.80342e-05
0.643	0.0625072	0.0610368	0.0639776	0.00147043
0.8115	0.029647	0.0288019	0.030492	0.000845047
0.979	0.000347032	0.000311891	0.000382174	3.51416e-05
0.6435	0.0608509	0.0593907	0.0623111	0.00146022
0.9795	0.000366921	0.000331512	0.000402331	3.54098e-05
0.812	0.0290339	0.0281984	0.0298695	0.000835525
0.644	0.0634697	0.0619838	0.0649556	0.00148592
0.98	0.000360119	0.000324799	0.000395438	3.53196e-05
0.8125	0.0286102	0.0277891	0.0294314	0.000821148
0.6445	0.0619583	0.0604943	0.0634223	0.00146401
0.813	0.0283726	0.0275432	0.029202	0.000829433
0.9805	0.000371365	0.000336588	0.000406143	3.47778e-05
0.645	0.0648431	0.0633482	0.066338	0.00149491
0.8135	0.0286849	0.0278609	0.0295089	0.000824024
0.981	0.000321908	0.000289674	0.000354142	3.22336e-05
0.6455	0.0635293	0.0620435	0.0650152	0.00148585
0.814	0.028117	0.0272931	0.028941	0.000823935
0.9815	0.000329552	0.000297377	0.000361726	3.21746e-05
0.646	0.0628418	0.061357	0.0643265	0.00148478
0.982	0.000308361	0.000277281	0.00033944	3.10795e-05
0.8145	0.0283855	0.02756	0.0292109	0.000825454
0.9825	0.000273055	0.00024489	0.000301221	2.81654e-05
0.6465	0.0630328	0.0615557	0.0645099	0.00147712
0.815	0.0284497	0.0276244	0.029275	0.000825299
0.983	0.000265995	0.0002377	0.00029429	2.82953e-05
0.8155	0.0283055	0.0274919	0.0291191	0.000813587
0.647	0.0629238	0.061454	0.0643935	0.00146975
0.9835	0.000272282	0.000244119	0.000300445	2.81629e-05
0.816	0.0286369	0.0278168	0.0294571	0.000820159
0.6475	0.0627374	0.0612575	0.0642173	0.00147988
0.984	0.000265118	0.000238164	0.000292071	2.69536e-05
0.8165	0.0271591	0.0263609	0.0279573	0.000798174
0.648	0.0631035	0.0616329	0.064574	0.00147055
0.9845	0.000243519	0.000217826	0.000269213	2.56937e-05
0.817	0.0274376	0.0266293	0.0282459	0.000808264
0.6485	0.0625101	0.0610376	0.0639826	0.00147248
0.985	0.000213752	0.000190236	0.000237269	2.35168e-05
0.8175	0.0273338	0.0265308	0.0281368	0.000802992
0.649	0.0625737	0.061113	0.0640343	0.00146067
0.9855	0.000184588	0.00016349	0.000205686	2.10983e-05
0.818	0.0273001	0.0265007	0.0280994	0.000799369
0.6495	0.0622331	0.060781	0.0636851	0.00145208
0.986	0.00016839	0.000148754	0.000188027	1.96364e-05
0.8185	0.027265	0.0264684	0.0280617	0.000796651
0.65	0.0614565	0.0600048	0.0629082	0.00145167
0.9865	0.000163649	0.000144217	0.000183082	1.94326e-05
0.819	0.0271691	0.026373	0.0279652	0.000796111
0.6505	0.0626311	0.061166	0.0640962	0.00146514
0.987	0.00015174	0.000133212	0.000170267	1.85275e-05
0.8195	0.027457	0.0266559	0.0282581	0.000801135
0.651	0.0622141	0.0607492	0.0636789	0.00146482
0.9875	0.000158552	0.00013992	0.000177184	1.86319e-05
0.82	0.0260883	0.0253062	0.0268704	0.000782112
0.6515	0.0619628	0.060509	0.0634165	0.00145377
0.988	0.000127107	0.000110883	0.00014333	1.62236e-05
0.8205	0.027063	0.0262721	0.027854	0.000790921
0.652	0.0624747	0.0610094	0.06394	0.00146534
0.821	0.0264385	0.0256608	0.0272163	0.000777751
0.9885	0.000123002	0.00010734	0.000138664	1.56618e-05
0.6525	0.0598167	0.0583815	0.0612518	0.00143516
0.8215	0.0264822	0.0256983	0.0272662	0.000783933
0.989	0.000113323	9.87519e-05	0.000127894	1.45709e-05
0.653	0.0620466	0.0605932	0.0635	0.0014534
0.822	0.0263387	0.02556	0.0271175	0.000778779
0.9895	9.00306e-05	7.75894e-05	0.000102472	1.24412e-05
0.6535	0.0626878	0.0612291	0.0641465	0.00145869
0.8225	0.0259909	0.0252185	0.0267634	0.000772428
0.99	9.91084e-05	8.5856e-05	0.000112361	1.32524e-05
0.654	0.0605075	0.0590739	0.0619411	0.0014336
0.823	0.0260255	0.0252512	0.0267999	0.000774327
0.9905	8.08235e-05	6.92127e-05	9.24343e-05	1.16108e-05
0.6545	0.0618413	0.0603856	0.0632969	0.00145561
0.8235	0.0258242	0.025057	0.0265914	0.000767214
0.991	7.0436e-05	5.98973e-05	8.09747e-05	1.05387e-05
0.655	0.0621005	0.0606405	0.0635605	0.00146003
0.824	0.0267723	0.0259884	0.0275562	0.000783864
0.9915	5.9392e-05	5.01053e-05	6.86787e-05	9.28671e-06
0.6555	0.0613554	0.0599011	0.0628097	0.0014543
0.8245	0.0256406	0.0248683	0.0264128	0.000772282
0.992	6.43876e-05	5.48709e-05	7.39043e-05	9.51672e-06
0.656	0.0609721	0.0595263	0.0624178	0.00144572
0.825	0.0252919	0.0245268	0.026057	0.00076511
0.9925	4.63128e-05	3.86814e-05	5.39442e-05	7.63139e-06
0.6565	0.0587302	0.0572991	0.0601612	0.00143106
0.8255	0.0251479	0.0243873	0.0259085	0.000760574
0.993	3.35464e-05	2.71677e-05	3.99251e-05	6.37869e-06
0.657	0.0616772	0.0602298	0.0631246	0.00144737
0.826	0.0250145	0.0242653	0.0257637	0.000749223
0.9935	3.18846e-05	2.58412e-05	3.79279e-05	6.04336e-06
0.6575	0.0609748	0.0595376	0.062412	0.00143717
0.8265	0.0246191	0.0238684	0.0253699	0.000750743
0.994	2.98438e-05	2.45002e-05	3.51875e-05	5.34364e-06
0.658	0.0610199	0.0595739	0.0624659	0.00144599
0.827	0.025542	0.0247734	0.0263106	0.000768602
0.9945	2.63374e-05	2.13317e-05	3.13432e-05	5.00571e-06
0.6585	0.061794	0.0603464	0.0632416	0.00144762
0.8275	0.0249371	0.0241855	0.0256887	0.00075158
0.995	2.20941e-05	1.77985e-05	2.63897e-05	4.29557e-06
0.659	0.0606612	0.0592263	0.0620961	0.00143492
0.9955	1.62254e-05	1.27204e-05	1.97304e-05	3.50497e-06
0.828	0.0241781	0.0234369	0.0249194	0.000741261
0.6595	0.0608633	0.059417	0.0623096	0.00144625
0.996	1.06068e-05	8.11068e-06	1.3103e-05	2.49615e-06
0.8285	0.0247165	0.0239697	0.0254634	0.00074687
0.66	0.0602632	0.0588319	0.0616945	0.00143133
0.9965	5.21749e-06	3.72256e-06	6.71242e-06	1.49493e-06
0.829	0.0243025	0.0235578	0.0250472	0.00074471
0.6605	0.0600614	0.0586301	0.0614928	0.00143137
0.997	3.86076e-06	2.74474e-06	4.97678e-06	1.11602e-06
0.8295	0.0240103	0.0232764	0.0247441	0.000733808
0.661	0.0618609	0.0604206	0.0633012	0.00144026
0.9975	1.01828e-06	5.88646e-07	1.44792e-06	4.29635e-07
0.83	0.023593	0.0228656	0.0243204	0.000727395
0.6615	0.0596549	0.058235	0.0610748	0.0014199
0.998	3.85929e-08	7.17367e-10	7.64684e-08	3.78755e-08
0.8305	0.0242732	0.0235361	0.0250102	0.000737027
0.662	0.0616764	0.0602224	0.0631304	0.00145396
0.9985	0	0	0	0
0.831	0.0243642	0.0236269	0.0251015	0.000737299
0.6625	0.0605828	0.0591437	0.0620218	0.00143906
0.999	0	0	0	0
0.8315	0.0239248	0.0231913	0.0246584	0.000733527
0.663	0.0596445	0.0582309	0.0610581	0.00141358
0.9995	0	0	0	0
0.832	0.0240955	0.0233685	0.0248226	0.000727028
0.6635	0.059653	0.0582176	0.0610884	0.00143541
1	0	0	0	0
0.8325	0.0241506	0.0234194	0.0248819	0.000731244
0.664	0.0603765	0.0589597	0.0617933	0.00141678
0.833	0.0229221	0.0222109	0.0236334	0.000711266
0.6645	0.0604809	0.0590634	0.0618984	0.0014175
0.8335	0.0223861	0.0216823	0.0230899	0.000703838
0.665	0.0618444	0.0603984	0.0632904	0.00144599
0.6655	0.0606809	0.0592533	0.0621086	0.00142763
0.666	0.0605717	0.0591487	0.0619947	0.00142299
0.6665	0.059605	0.0581884	0.0610215	0.00141657
